n,ZZ1,ZZ2,ZZ3,ZZ4,ZZ5,ZZ6
2.0,1067.7438515486913,1188.6460389027654,1750.2186750567687,2009.7323595389696,1910.8710072557308,1712.7128402692683
3.0,5030.430396120393,4724.339006046626,7391.459935587962,7789.4422934785935,6194.603522595286,6548.926609228596
4.0,8381.172554862223,7010.712042847956,9824.568138328155,16115.149126568434,12982.874082272861,13870.299674923219
5.0,10632.662212252564,22662.046141092484,28084.255008317374,26081.783845333084,21254.196809264202,25347.633263798758
6.0,14951.415319617752,36636.48022854056,56293.908806499494,68982.36312796782,72276.78559057736,81196.05356739154
7.0,35278.740068490435,107632.5170794286,125852.57350498422,149371.31622102033,176658.36654889619,176742.6820054007
8.0,46734.55241234171,167798.48521589514,240851.90548858696,344255.9818800506,352435.49803072016,407392.06718925317
9.0,62815.638752236766,386054.8461906225,423522.5840386952,511326.0170707694,690002.2095193008,797639.3583589498
10.0,114181.29412286918,497283.09039538004,717913.365935971,896001.389053971,1227093.5805299238,1438475.4166876369
