n,ZZ1,ZZ2,ZZ3,ZZ4,ZZ5,ZZ6
10.0,102956.05484247548,507252.526292929,653007.2677317305,900520.3180178746,1243998.214307375,1427195.419971062
11.0,142506.38221325618,775329.6739376144,976572.8038022135,1433012.4413819157,2141019.7298591095,2469419.0351666473
12.0,192955.68101937522,1150043.6405606233,1412762.379985062,2209451.5542104896,3571051.6647287006,4140431.9993126215
13.0,256829.7999111931,1667574.9994534764,1993360.3413461028,3326338.220277553,5818494.795529098,6782903.40797675
14.0,337180.63547587354,2375718.6092752307,2758821.7915119687,4916156.725443786,9311383.533308906,10916700.454177855
15.0,437677.8486532603,3337336.632851702,3760399.335104632,7160052.186256666,14690834.450920502,17326603.109882616
16.0,562719.5093756161,4634789.812873758,5062758.884974452,10304769.067242216,22912912.9052907,27191969.98466915
17.0,717564.0271139836,6375619.941244391,6747202.690613113,14685250.45687296,35397660.264872156,42277907.28642873
18.0,908486.3173501677,8699827.76778518,8915640.218917295,20754740.813549485,54246579.22133886,65216404.50757625
19.0,1142961.8230934797,11789181.329418972,11695476.249035524,29124817.526679784,82559293.99353707,99918805.19309248
20.0,1429882.7464161287,15879104.540437073,15245621.305076841,40618540.997091256,124893618.2853999,152179640.47528878
21.0,1779811.6586213901,21273840.866305377,19763873.46226123,56340914.38799266,187932632.63446057,230558796.28872195
22.0,2205278.5683664884,28365769.59737334,25495974.107671298,77772154.86140937,281450093.9591969,347667840.217228
23.0,2721128.557807401,37659982.19515546,32746705.295537822,106890991.87387502,419705128.6539917,522042299.4099648
24.0,3344928.2729879823,49805515.382667325,41893475.23071493,146337447.039584,623453747.7596822,780862199.4991649
25.0,4097440.9040265065,65635001.09344328,53402933.97434223,199627472.81759578,922845439.7999853,1163898891.6928563
26.0,5003180.843802184,86214949.84729688,67851277.1237482,271435639.853816,1361588116.4786904,1729232325.9783208
27.0,6091061.005021708,112909457.04260315,85949035.11805539,367967032.58504015,2002928427.5865462,2561521200.076434
28.0,7395147.843324319,147460840.35206455,108571314.95715334,497445986.5231312,2938227346.766467,3783949830.4214168
29.0,8955541.522276068,192091617.479384,136794665.51122776,670757728.148512,4299241864.31087,5575464361.647746
30.0,10819401.414722832,249633362.66084677,171941984.482688,902289942.2561377,6275693489.381472,8195610047.434179
31.0,13042140.321294196,323689394.47872204,215637183.17497513,1211035546.6515887,9140370846.4054,12020280494.718143
32.0,15688814.466600904,418840017.8869138,269871685.0022718,1622036477.404463,13284958570.82137,17593116602.760715
33.0,18835740.582345437,540901258.4736868,337085267.73944086,2168272343.8786564,19271123189.526215,25699328960.73584
34.0,22572376.290958475,697250797.3788743,420264283.0059664,2893129037.0418167,27903281267.39222,37471620663.024315
35.0,27003505.66326597,897238278.5893992,523060917.597683,3853622881.836661,40332155017.30765,54542024280.12019
36.0,32251778.353824712,1152701487.9947722,649937921.8848763,5124608447.823479,58202008806.18268,79259357250.88399
37.0,38460658.249872476,1478615309.048426,806344146.8372517,6804266202.900413,83859811475.21072,115000382256.7656
38.0,45797846.25600691,1893907108.8362126,998927334.8353437,9021254372.75174,120652124552.08342,166614679755.88354
39.0,54459251.85111498,2422480631.3920965,1235791938.1198874,11944023540.586271,173346176357.86948,241060182115.831
40.0,64673599.59713388,3094500983.454881,1526811337.9207213,15792940284.551231,248726613947.06934,348310384013.4739
41.0,76707770.08128451,3948006402.915609,1884005761.471268,20856057304.073654,356440610110.49384,502648407350.85876
42.0,90872990.0991091,5030928837.720268,2321999508.598233,27509614669.404724,510193844180.87286,724511571922.6326
43.0,107532004.53903952,6403625723.110801,2858573882.7419977,36244676333.316216,729441888185.4534,1043118862675.6669
44.0,127107382.7595272,8142050709.569102,3515335567.064697,47701718866.9588,1041780648518.0286,1500211114383.9648
45.0,150091135.65811634,10341722682.186031,4318524207.36422,62715522574.07196,1486322662061.5723,2155371761433.6414
46.0,177055846.57879892,13122691738.85335,5299987794.803651,82373403538.52766,2118462937088.1484,3093591446443.9976
47.0,208667550.2183331,16635749739.903858,6498360244.710242,108090713627.09648,3016602281377.4126,4436016404712.962
48.0,245700629.3810375,21070193939.365513,7960482536.631096,141708681741.4334,4291626759708.924,6355211882439.106
49.0,289055040.4915907,26663527953.869762,9743117147.489584,185621147989.44257,6100265812136.056,9096825238264.475
50.0,339776226.00622475,33713578512.304626,11915015551.929605,242938648507.50986,8663906096897.8955,13010315592480.994
51.0,399078126.1819274,42593623513.85024,14559410614.424154,317700765337.7838,12295075735118.438,18592522088760.348
52.0,468369765.1235531,53771272430.11608,17777020154.666767,415150821101.3446,17434707719739.807,26549403761091.293
53.0,549285957.8377256,67832020869.754616,21689665307.731956,542091075372.1954,24704544491768.613,37883487717301.67
54.0,643722767.5651554,85508625672.98926,26444628093.728573,707341829732.5731,34980801703021.684,54017672389043.664
55.0,753878437.5281899,107717725742.37274,32219897540.42477,922334606910.6934,49497668789997.66,76970420088222.55
56.0,882300630.239385,135605479983.0463,39230483582.64094,1201878267020.5483,69992667875636.06,109603560558553.0
57.0,1031940932.7585468,170604423371.54544,47736013770.064384,1565148114022.4138,98910712935227.55,155972650018459.62
58.0,1206217730.154202,214504275299.13123,58049870717.57039,2036962438442.2288,139690456058257.14,221822123085976.5
59.0,1409088714.6653676,269540095711.2527,70550179624.35579,2649429449899.132,197165942258732.4,315284793425841.94
60.0,1645134487.8170059,338502004850.96136,85693016738.06287,3444071345158.0127,278129787060037.72,447869649673881.94
61.0,1919654930.6218832,424871699563.2871,104028283340.932,4474562835453.865,392122533319611.2,635856233505394.4
62.0,2238780267.1352243,532992260096.41327,126218778068.90388,5810260746373.941,552538616488221.1,902262220577786.4
63.0,2609599033.7468,668279304257.0791,153063105987.58514,7540751774228.611,778175373890938.4,1279618834585243.5
64.0,3040305496.1243424,837483482531.4901,185523189241.14474,9781710301119.115,1095401822768350.0,1813884391569448.0
65.0,3540369433.868388,1049016707289.3293,224757295322.61816,12682441396173.74,1541194149662324.5,2569960805255087.5
66.0,4120731646.821206,1313357481408.4429,272159679937.06165,16435590965560.617,2167382870875318.8,3639467022655124.0
67.0,4794029034.734105,1643554372556.2322,329408157834.08344,21289642126171.02,3046593409439719.0,5151689193895989.0
68.0,5574853672.969962,2055851237024.8132,398521173788.48016,27564992809545.81,4280552672620021.5,7289000913178059.0
69.0,6480050961.785249,2570463439200.706,481926255362.0312,35674635296158.65,6011700397411195.0,1.0308571595835744e+16
70.0,7529062677.722697,3212541296220.485,582542099039.0408,46150747850134.87,8439415214215287.0,1.4572917993269034e+16
71.0,8744321616.761875,4013365619387.7803,703876983552.7893,59678879816881.52,1.1842682853111868e+16,2.0592888559037536e+16
72.0,10151705506.134619,5011830916487.664,850146732742.111,77141887437288.42,1.6611755167958804e+16,2.9088122837987596e+16
73.0,11781058993.472443,6256285046430.816,1026416081840.2498,99676387633689.08,2.329235369218805e+16,4.107206643404359e+16
74.0,13666793819.18761,7806810477742.148,1238768055676.8035,128745278777826.47,3.2647371608396984e+16,5.797148212576132e+16
75.0,15848578764.743456,9738052533805.422,1494506868694.709,166230879129928.97,4.574297822133745e+16,8.179440961893198e+16
76.0,18372132673.197422,12142725022403.639,1802400933366.7615,214554516872487.84,6.40687457539409e+16,1.1536615295548139e+17
77.0,21290135790.58732,15135954570765.916,2172973849431.5083,276830049295110.72,8.970519922374602e+16,1.6266076383747248e+17
78.0,24663276913.310986,18860663209757.496,2618852781769.0366,357060893561647.94,1.2555745301341755e+17,2.29266548682519e+17
79.0,28561456388.816624,23494235987280.984,3155185467887.008,460392846572845.25,1.7568092185171885e+17,3.2303962789218976e+17
80.0,33065167951.70233,29256778758095.523,3800139284329.2397,593438421630359.9,2.457352845283285e+17,4.550212965610088e+17
81.0,38267085738.601425,36421343406997.27,4575498413323.882,764692845736284.2,3.436170548759908e+17,6.407253666076017e+17
82.0,44273886674.51434,45326586836974.31,5507378268268.604,985067512922948.6,4.8034083135160154e+17,9.019442954659597e+17
83.0,51208342831.001045,56392440068705.65,6627080056465.441,1268573920447609.0,6.712667142102808e+17,1.2692826012365317e+18
84.0,59211723403.308136,70139499655673.875,7972112795763.69,1633200366184868.8,9.378094984736566e+17,1.785709648559701e+18
85.0,68446551731.13785,87213021367091.4,9587415396543.203,2102035519549080.8,1.3098182389782295e+18,2.511540902445173e+18
86.0,79099769401.60121,108412603185566.69,11526817736283.389,2704708113348141.5,1.8288884273933606e+18,3.531420528716004e+18
87.0,91386367043.13792,134728900301924.06,13854787186807.729,3479231358016029.0,2.5529713541059953e+18,4.964107421748674e+18
88.0,105553550083.42635,167389030300890.72,16648516037604.238,4474365425093694.5,3.5627874023871427e+18,6.976187438626387e+18
89.0,121885517659.51852,207912716090969.6,20000415970436.82,5752642980872192.0,4.970747516522625e+18,9.801283262168998e+18
90.0,140708944214.40778,258181694562070.2,24021098511886.137,7394243185645938.0,6.933361378928206e+18,1.3766960843117429e+19
91.0,162399266295.90195,320525511680654.3,28842935615761.473,9501951250053812.0,9.668491726359953e+18,1.9332408965263106e+19
92.0,187387891925.8834,397827555909717.5,34624312675970.547,1.220750667370007e+16,1.3479343077530694e+19,2.714119558816557e+19
93.0,216170466898.34042,493656083698459.75,41554707901303.87,1.567972766032575e+16,1.8787807284097524e+19,3.809512018010812e+19
94.0,249316351799.46805,612426103029374.4,49860757762045.74,2.0134906984953332e+16,2.618080729383498e+19,5.345757931067045e+19
95.0,287479485771.9814,759599352553214.2,59813498936332.57,2.5850112260290496e+16,3.6474694627991396e+19,7.49982143332716e+19
96.0,331410838468.5179,941931304934732.9,71737013784357.0,3.318019937903415e+16,5.0804718257315275e+19,1.0519529347776286e+20
97.0,381972680711.46783,1167776207882866.8,86018749982740.36,4.257957244281555e+16,7.074930483053961e+19,1.4751882444164222e+20
98.0,440154937620.5543,1447463746335186.0,103121836894609.22,5.463001018265656e+16,9.850266645565863e+19,2.068265351908432e+20
99.0,507093925979.79065,1793764076944756.0,123599783121695.67,7.007624489323546e+16,1.3711448978456928e+20,2.899176296755836e+20
100.0,584093821072.2185,2222461889940381.8,148114013373154.7,8.987144713470146e+16,1.9082272348039555e+20,4.0630705836470646e+20
