n,ZZ1,ZZ2,ZZ3,ZZ4,ZZ5,ZZ6
10.0,5120.586853875857,1493.7454839525928,1084.4784769489888,1292.5432512081968,1487.542363972532,1602.5521629317614
11.0,9504.856981290328,2575.358685083624,1799.5693343212881,2247.6298283634046,2659.434886614186,2911.9343785299093
12.0,17642.959452274892,4440.162282054565,2986.18170656594,3908.449361850553,4754.549576156613,5291.161199615461
13.0,32748.94286650894,7655.260296427356,4955.2306846750325,6796.482330577123,8500.204981860317,9614.36049065436
14.0,60788.7390873972,13198.393771080833,8222.644685136072,11818.541777902481,15196.704456713176,17469.875544705275
15.0,112836.33840940453,22755.28086455815,13644.548542835504,20551.50340458043,27168.736146659798,31743.822362824623
16.0,209447.33279195896,39232.259334426824,22641.584559081988,35737.42853608125,48572.38790879715,57680.448588425505
17.0,388777.10702113085,67640.13073031377,37571.1479010596,62144.54355134261,86837.93218893326,104808.8699380547
18.0,721649.8626595202,116617.99149046572,62345.06913241096,108064.41457604102,155249.24327395525,190444.06703689127
19.0,1339529.809938625,201060.46207233975,103454.58848797862,187915.41510019114,277555.29098385613,346048.40879391175
20.0,2486441.423409224,346647.27879529464,171671.18471688355,326769.9489310537,496214.5897045847,628790.925818664
21.0,4615344.060412179,597652.7391693178,284868.90811539855,568226.9305446404,887134.6612160652,1142551.210594813
22.0,8567022.97324788,1030409.9252644643,472707.7228755124,988101.4017733581,1586023.312211514,2076084.7767197876
23.0,15902147.632651808,1776524.2999793552,784404.9838378036,1718229.685542465,2835499.566018793,3772371.829078711
24.0,29517639.922329187,3062896.145538496,1301631.322895949,2987864.6533450964,5069318.79688571,6854628.181085809
25.0,54790779.62999562,5280723.037936278,2159909.9134410755,5195658.800348644,9062950.801484436,12455274.726301476
26.0,101702898.34695761,9104466.648015633,3584126.128588844,9034837.083205216,16202783.948128797,22631988.84159898
27.0,188781389.89847445,15696962.773723353,5947451.801435378,15710862.521338513,28967409.55790469,41123694.995233364
28.0,350416888.3213143,27063050.461430416,9869123.368245915,27319939.351560753,51788064.27226933,74724245.4871016
29.0,650445447.4396528,46659262.102855735,16376693.634431953,47507199.88538036,92586932.76343822,135778481.5849799
30.0,1207359845.3594708,80444986.90514283,27175270.222983513,82611239.06267193,165527332.19518334,246717727.84517366
31.0,2241106924.3769135,138694776.26763716,45094286.31793479,143654368.93640393,295930504.29330474,448301060.09830874
32.0,4159953029.574847,239122929.89260355,74828866.16538776,249803512.79879522,529065878.1839413,814590188.7171558
33.0,7721724037.366155,412270578.165713,124170037.24417633,434388424.5820833,945866341.5824075,1480159728.8410137
34.0,14333099841.59413,710793522.3837732,206046128.17655993,755366893.3506438,1691024072.861184,2689539910.041095
35.0,26605166161.72411,1225475350.9469528,341910237.5967318,1313522900.8902519,3023220395.1903605,4887056975.511618
36.0,49384632376.510796,2112835568.256216,567361355.4790038,2284111769.19589,5404926934.263254,8880078630.821243
37.0,91667982832.28844,3642728623.663533,941471978.0068072,3971888553.0227036,9662952529.428452,16135640915.320578
38.0,170154533347.0491,6280409145.425956,1562266229.119039,6906798034.312764,17275469718.94734,29319437200.08342
39.0,315841631112.6028,10828020176.337257,2592404052.0175476,12010372005.650278,30885161973.15088,53275193854.45874
40.0,586266695230.5386,18668532292.129044,4301801219.057726,20885080901.089428,55216630611.29731,96804255172.47249
41.0,1088230948927.6957,32186317744.76008,7138352416.123008,36317493249.98822,98716538987.71545,175899197008.98242
42.0,2019979316304.816,55492260117.49378,11845288199.51627,63153229916.104324,176485869598.123,319619498680.9128
43.0,3749494941602.14,95673912044.47162,19655915588.124638,109818439873.6724,315522226439.49994,580767994818.1957
44.0,6959829837672.703,164950885520.11813,32616768043.11606,190965525473.65387,564092046598.6012,1055290635262.1472
45.0,12918868307277.047,284390948926.8471,54123836297.97291,332073848083.974,1008486282017.321,1917527024230.3914
46.0,23980063052313.938,490316930257.69354,89812382751.63954,577449988985.1157,1802976282239.3274,3484262785806.35
47.0,44511903853763.57,845352825061.8408,149033487780.11627,1004139566252.7107,3223369055466.9487,6331116592960.44
48.0,82623201630636.11,1457468332705.6548,247304211283.72424,1746118776946.0183,5762753603634.318,11504022451160.424
49.0,153365568683028.03,2512813440570.6943,410373358562.8691,3036361563344.809,10302676648172.23,20903505821383.0
50.0,284677877318509.56,4332328356933.1333,680968158787.085,5279991066519.933,18419171357569.805,37982936618879.49
51.0,528420391424795.06,7469344396703.06,1129989614593.4358,9181484181291.02,32929876874249.77,69017297219015.41
52.0,980856372485603.9,12877857152095.934,1875089918100.3599,15965870151909.088,58872181049968.836,125408610798415.34
53.0,1820670131316347.8,22202645375809.586,3111499570928.9067,27763377322704.098,105251948399800.17,227875044316503.28
54.0,3379536311383982.5,38279463412414.66,5163181502089.78,48278303219863.82,188169903753889.56,414062762450313.56
55.0,6273110918618363.0,65997420322665.586,8567715539026.522,83952126382083.06,336410994922876.8,752377127395555.4
56.0,1.1644177476280286e+16,113785803168651.6,14217154583461.025,145986065251219.75,601437080251790.9,1367114826936206.2
57.0,2.161397604124884e+16,196177501172550.78,23591759498704.348,253858147088956.34,1075251900089430.6,2484130473900227.5
58.0,4.011996220972352e+16,338228591744994.56,39147855710324.42,441439110866780.1,1922340152625613.5,4513815584305504.0
59.0,7.447085925503936e+16,583138125371376.1,64961437352756.15,767627475570315.8,3436768316418985.0,8201876408339355.0
60.0,1.3823315309204845e+17,1005385356416058.2,107796155533064.11,1334843077436976.8,6144269756114132.0,1.4903306384862928e+16
61.0,2.565890175689972e+17,1733379573239373.8,178875524022183.38,2321185859140346.5,1.0984752930693736e+16,2.7080210691210204e+16
62.0,4.762817201542272e+17,2988510550456171.5,296823694091730.75,4036357444365940.0,1.96385903838795e+16,4.920638361331498e+16
63.0,8.840763299312672e+17,5152475227048517.0,492545337635654.4,7018904304682542.0,3.5109959659461116e+16,8.941098043548934e+16
64.0,1.6410265690895124e+18,8883355275856843.0,817323261099393.1,1.2205315886247044e+16,6.276974279685911e+16,1.6246516885407197e+17
65.0,3.0460811010142776e+18,1.5315745826942634e+16,1356255479629151.2,2.1224072792058416e+16,1.1222002671034456e+17,2.952090555569542e+17
66.0,5.654149816175334e+18,2.640579634060454e+16,2250552521348588.8,3.690697316487927e+16,2.0062746530005846e+17,5.364127406355422e+17
67.0,1.049525901759826e+19,4.552609375084397e+16,3734537281083253.5,6.417828856593394e+16,3.58682679131957e+17,9.746944509316351e+17
68.0,1.9481348288890348e+19,7.849129734533022e+16,6197042091443113.0,1.1160093527181504e+17,6.412544968200869e+17,1.7710788739867192e+18
69.0,3.6161368720550457e+19,1.3532643043504763e+17,1.0283290215803768e+16,1.9406514308570838e+17,1.1464376553870401e+18,3.2181576235341414e+18
70.0,6.712289972708463e+19,2.33315582665437e+17,1.7063956659009842e+16,3.374638363840654e+17,2.0496063640986598e+18,5.847587389825374e+18
71.0,1.245938366600548e+20,4.022581615395522e+17,2.831570545515412e+16,5.86822749599889e+17,3.6642954180840284e+18,1.0625420592075647e+19
72.0,2.3127165537826898e+20,6.935311678569294e+17,4.698670955658446e+16,1.0204380508969828e+18,6.551043725362517e+18,1.9307033009023013e+19
73.0,4.29287515459846e+20,1.1957134168468716e+18,7.796912842067208e+16,1.7744605443950653e+18,1.1711985250919377e+19,3.5082048788685763e+19
74.0,7.968454700091275e+20,2.0615231751524636e+18,1.2938094716673603e+17,3.0856456409549563e+18,2.0938739576213467e+19,6.374620826703643e+19
75.0,1.479108243793001e+21,3.5542611982206715e+18,2.14693043629351e+17,5.365692154507847e+18,3.743437219629966e+19,1.1583072279789203e+20
76.0,2.7455275573460384e+21,6.127882925324263e+18,3.562588154763854e+17,9.330511551558728e+18,6.6925337918764474e+19,2.1047144149622872e+20
77.0,5.096260939507971e+21,1.0565050527316156e+19,5.911711970684755e+17,1.6225016886336084e+19,1.1964941824197486e+20,3.824393616432396e+20
78.0,9.459703106626384e+21,1.8215147711693085e+19,9.809817162728934e+17,2.821401286598409e+19,2.139097646846405e+20,6.949154920702594e+20
79.0,1.7559144621459588e+22,3.1404639788607295e+19,1.6278281696296003e+18,4.906192255937125e+19,3.8242883333457215e+20,1.2627035539551326e+21
80.0,3.259336539022668e+22,5.414457328935381e+19,2.701196674599899e+18,8.531477803796611e+19,6.837079774327008e+20,2.2944088646245325e+21
81.0,6.0499955456971544e+22,9.335037231503989e+19,4.4823302674076733e+18,1.4835560801473623e+20,1.222336177764503e+21,4.1690799250373314e+21
82.0,1.1230029690008899e+23,1.609448829670621e+20,7.437919946756473e+18,2.579785933408586e+20,2.1852980816199253e+21,7.575470827948368e+21
83.0,2.0845233006522444e+23,2.774842211219345e+20,1.2342386623454589e+19,4.4860423891436136e+20,3.9068856771183877e+21,1.3765089491438059e+22
84.0,3.8693017836168596e+23,4.784090773945492e+20,2.0480794180805886e+19,7.800870629061616e+20,6.984747674677809e+21,2.501200163140406e+22
85.0,7.182215851468797e+23,8.248225589480697e+20,3.3985560740693127e+19,1.3565093080400682e+21,1.248736310986742e+22,4.544832243905708e+22
86.0,1.3331662253769955e+24,1.4220722095299164e+21,5.639519291404199e+19,2.3588617095431772e+21,2.2324963577853095e+22,8.258235558129416e+22
87.0,2.4746293083386985e+24,2.4517871718935854e+21,9.358144207413078e+19,4.1018727492466314e+21,3.991266966191102e+22,1.5005714374826988e+23
88.0,4.593418357832389e+24,4.227113290012919e+21,1.55287815293444e+20,7.132830204900139e+21,7.135604920409062e+22,2.7266292213865252e+23
89.0,8.526324382796794e+24,7.287943656546389e+21,2.576825601758556e+20,1.2403423958307975e+22,1.2757066368015186e+23,4.954450501464118e+23
90.0,1.5826602720981212e+25,1.2565105095830766e+22,4.275950543402834e+20,2.1568566960116235e+22,2.2807140268160062e+23,9.002536750844256e+23
91.0,2.9377413108180072e+25,2.166343121045584e+22,7.095456144625866e+20,3.7506021101650613e+22,4.077470730384415e+23,1.6358154739128217e+24
92.0,5.453048996955957e+25,3.7349807123051997e+22,1.177410669026205e+21,6.521998524420652e+22,7.289720395306146e+23,2.972375830003314e+24
93.0,1.012197474764115e+26,6.4394604833230295e+22,1.9537797927011497e+21,1.1341236287704527e+23,1.30325947028277e+24,5.400986979084432e+24
94.0,1.8788456301984267e+26,1.1102239746423322e+23,3.242076514836155e+21,1.9721507150290498e+23,2.3299731056562402e+24,9.81392058628301e+24
95.0,3.4875219412480525e+26,1.9141312801946823e+23,5.379859166994632e+21,3.4294131116959595e+23,4.165536331689613e+24,1.7832488329789737e+25
96.0,6.473554343792501e+26,3.30014361201311e+23,8.927267608969079e+21,5.963476422489814e+23,7.447164470913006e+24,3.240271176399724e+25
97.0,1.2016241488372647e+27,5.6897601395466194e+23,1.4813790563716448e+22,1.0370010810393383e+24,1.3314073924865736e+25,5.887769055240228e+25
98.0,2.230460297986723e+27,9.809685350579414e+23,2.458180940438887e+22,1.8032623354076705e+24,2.380296086774295e+25,1.0698433112737718e+26
99.0,4.140190712469465e+27,1.691282660731657e+24,4.0790731514305315e+22,3.1357296629245645e+24,4.255503982242021e+25,1.9439701182887667e+26
100.0,7.685041133030045e+27,2.915931486347419e+24,6.7687603874069125e+22,5.452784282061858e+24,7.608009038664897e+25,3.532311489894985e+26
